Gene	fit_value	Predicted_Proximal_APA	Loci	Synthego_G1_1_30_S2_PDUI	Synthego_G1_1_32_S4_PDUI	Synthego_G1_2_2_S6_PDUI	Synthego_G1_24hour_A_S43_PDUI	Synthego_G1_24hour_B_S57_PDUI	Synthego_G1_24hour_C_S59_PDUI	Synthego_G1_4hour_A_S54_PDUI	Synthego_G1_4hour_B_S55_PDUI	Synthego_G1_4hour_C_S56_PDUI	Synthego_G1_Control_A_S61_PDUI	Synthego_G1_Control_B_S50_PDUI	Synthego_G1_Control_C_S49_PDUI	Synthego_G1_Cytoplasm1_S71_PDUI	Synthego_G1_Cytoplasm2_S72_PDUI	Synthego_G1_Cytoplasm3_S73_PDUI	Synthego_G1_Ethanol_Control_2_S28_PDUI	Synthego_G1_Ethanol_Control_3_S29_PDUI	Synthego_G1_Ethanol_Control_4_S30_PDUI	Synthego_G1_Ethanol_Treated_24hour_2_S34_PDUI	Synthego_G1_Ethanol_Treated_24hour_3_S35_PDUI	Synthego_G1_Ethanol_Treated_24hour_4_S36_PDUI	Synthego_G1_Ethanol_Treated_3hour_2_S31_PDUI	Synthego_G1_Ethanol_Treated_3hour_3_S32_PDUI	Synthego_G1_Ethanol_Treated_3hour_4_S33_PDUI	Synthego_G1_Nuclear1_S65_PDUI	Synthego_G1_Nuclear2_S66_PDUI	Synthego_G1_Nuclear3_S67_PDUI	Synthego_G1_Peroxide_Treated_3hour_2_S16_PDUI	Synthego_G1_Peroxide_Treated_3hour_3_S17_PDUI	Synthego_G1_Peroxide_Treated_3hour_4_S18_PDUI	Synthego_G1_Peroxide_Treated_Control_2_S13_PDUI	Synthego_G1_Peroxide_Treated_Control_3_S14_PDUI	Synthego_G1_Peroxide_Treated_Control_4_S15_PDUI	Synthego_Wildtype_1_30_S1_PDUI	Synthego_Wildtype_1_32_S3_PDUI	Synthego_Wildtype_2_2_S5_PDUI	Synthego_Wildtype_24hour_A_S58_PDUI	Synthego_Wildtype_24hour_B_S53_PDUI	Synthego_Wildtype_24hour_C_S48_PDUI	Synthego_Wildtype_4hour_A1_S45_PDUI	Synthego_Wildtype_4hour_A2_S46_PDUI	Synthego_Wildtype_4hour_B_S51_PDUI	Synthego_Wildtype_4hour_C_S52_PDUI	Synthego_Wildtype_Control_A_S44_PDUI	Synthego_Wildtype_Control_B_S60_PDUI	Synthego_Wildtype_Control_C_S47_PDUI	Synthego_Wildtype_Cytoplasm1_S68_PDUI	Synthego_Wildtype_Cytoplasm2_S69_PDUI	Synthego_Wildtype_Cytoplasm3_S70_PDUI	Synthego_Wildtype_Ethanol_Control_2_S19_PDUI	Synthego_Wildtype_Ethanol_Control_3_S20_PDUI	Synthego_Wildtype_Ethanol_Control_4_S21_PDUI	Synthego_Wildtype_Ethanol_Treated_24hour_2_S25_PDUI	Synthego_Wildtype_Ethanol_Treated_24hour_3_S26_PDUI	Synthego_Wildtype_Ethanol_Treated_24hour_4_S27_PDUI	Synthego_Wildtype_Ethanol_Treated_3hour_2_S22_PDUI	Synthego_Wildtype_Ethanol_Treated_3hour_3_S23_PDUI	Synthego_Wildtype_Ethanol_Treated_3hour_4_S24_PDUI	Synthego_Wildtype_Nuclear1_S62_PDUI	Synthego_Wildtype_Nuclear2_S63_PDUI	Synthego_Wildtype_Nuclear3_S64_PDUI	Synthego_Wildtype_Peroxide_Control_2_S7_PDUI	Synthego_Wildtype_Peroxide_Control_3_S8_PDUI	Synthego_Wildtype_Peroxide_Control_4_S9_PDUI	Synthego_Wildtype_Peroxide_Treated_3hour_2_S10_PDUI	Synthego_Wildtype_Peroxide_Treated_3hour_3_S11_PDUI	Synthego_Wildtype_Peroxide_Treated_3hour_4_S12_PDUI
NM_001253846.2|GMDS|chr6|-	457218.6	1624080	chr6:1623806-1624231	1.00	1.00	1.00	1.00	NA	NA	1.00	1.00	NA	NA	NA	1.00	NA	1.00	1.00	1.00	1.00	1.00	1.00	NA	NA	1.00	NA	1.00	NA	NA	NA	NA	NA	NA	1.00	NA	NA	1.00	1.00	1.00	1.00	1.00	1.00	NA	NA	1.00	NA	NA	NA	NA	1.00	1.00	1.00	NA	NA	NA	NA	1.00	1.00	NA	NA	NA	1.00	1.00	1.00	NA	NA	NA	1.00	NA	1.00
NM_001326380.2|HEBP2|chr6|+	545.3	138413154	chr6:138412880-138422043	0.01	0.02	0.02	0.01	0.01	0.01	0.01	NA	NA	0.01	NA	0.02	0.02	0.02	0.02	0.02	0.02	0.01	0.01	0.02	0.01	0.01	0.01	0.01	0.00	NA	NA	0.01	0.01	0.01	0.01	0.01	0.01	0.02	0.02	0.02	NA	0.01	0.01	NA	NA	0.01	0.01	0.01	0.01	0.02	NA	NA	0.03	0.02	0.01	0.02	0.01	0.02	0.01	0.01	0.02	0.01	NA	NA	NA	0.02	0.01	0.01	0.01	0.01	0.01
NR_104454.1|TMEM14B|chr6|+	3647.2	10756628	chr6:10756467-10756981	1.00	1.00	1.00	1.00	0.76	0.96	1.00	1.00	0.58	1.00	NA	1.00	0.47	1.00	1.00	0.60	0.54	0.75	0.99	0.78	0.73	0.76	1.00	0.80	1.00	0.43	0.01	0.60	0.85	0.45	0.64	0.78	0.52	1.00	1.00	1.00	NA	1.00	1.00	0.73	1.00	1.00	1.00	1.00	0.72	1.00	1.00	1.00	1.00	0.73	0.82	0.60	0.65	0.60	0.62	0.58	0.71	0.80	0.95	1.00	1.00	0.72	0.57	0.73	0.65	0.68	0.77
XM_005248995.4|FBXO9|chr6|+	424.1	53097888	chr6:53097722-53098375	NA	NA	NA	NA	NA	NA	0.67	0.39	NA	0.71	NA	NA	NA	NA	NA	0.51	0.60	0.48	0.49	0.32	NA	NA	0.48	0.45	NA	NA	NA	0.34	0.49	0.27	0.42	0.47	0.37	NA	0.53	0.29	0.71	NA	NA	NA	0.70	NA	NA	0.74	0.44	0.64	NA	NA	NA	NA	0.64	0.49	0.59	NA	0.62	0.52	0.65	0.41	NA	NA	NA	NA	NA	0.46	0.64	NA	0.43
NM_033481.3|FBXO9|chr6|+	2595.2	53098373	chr6:53097722-53100873	NA	NA	NA	NA	NA	NA	0.02	0.03	NA	0.02	NA	NA	NA	NA	NA	0.03	0.02	0.02	0.02	0.01	NA	NA	0.01	0.01	NA	NA	NA	0.01	0.01	0.02	0.02	0.02	0.03	NA	0.01	0.00	0.02	NA	NA	NA	0.01	NA	NA	0.01	0.02	0.02	NA	NA	NA	NA	0.01	0.01	0.02	NA	0.02	0.02	0.02	0.02	NA	NA	NA	NA	NA	0.03	0.01	NA	0.01
NM_001370349.2|PHF3|chr6|+	527.6	63714509	chr6:63711586-63719980	NA	NA	NA	0.04	0.04	NA	NA	0.06	0.03	0.06	NA	NA	0.02	0.04	NA	0.05	0.08	NA	0.06	0.04	0.07	0.02	NA	NA	NA	NA	0.05	0.02	0.04	NA	0.06	NA	NA	NA	NA	NA	NA	NA	NA	NA	NA	NA	NA	NA	0.05	NA	0.04	0.05	NA	0.06	0.06	0.05	0.02	0.04	0.04	0.06	0.05	0.07	0.09	0.06	0.03	NA	NA	NA	NA	NA	NA
XM_005248703.4|PHF3|chr6|+	1175.1	63711737	chr6:63711586-63715305	NA	NA	NA	0.61	0.55	NA	NA	0.54	0.35	0.60	NA	NA	0.66	0.43	NA	0.47	0.59	NA	0.79	0.69	0.35	0.48	NA	NA	NA	NA	0.11	0.62	0.75	NA	0.63	NA	NA	NA	NA	NA	NA	NA	NA	NA	NA	NA	NA	NA	0.44	NA	0.54	0.49	NA	0.35	0.61	0.45	0.55	0.36	0.54	0.52	0.39	0.32	0.41	0.58	0.26	NA	NA	NA	NA	NA	NA
XM_006715426.3|PHF3|chr6|+	1129.2	63711737	chr6:63711586-63715479	NA	NA	NA	0.58	0.53	NA	NA	0.52	0.33	0.58	NA	NA	0.63	0.41	NA	0.45	0.57	NA	0.75	0.66	0.33	0.46	NA	NA	NA	NA	0.10	0.59	0.71	NA	0.60	NA	NA	NA	NA	NA	NA	NA	NA	NA	NA	NA	NA	NA	0.42	NA	0.52	0.47	NA	0.33	0.58	0.43	0.53	0.34	0.52	0.50	0.37	0.31	0.39	0.56	0.25	NA	NA	NA	NA	NA	NA
NM_001350532.2|SNX14|chr6|-	21949.6	85505799	chr6:85505496-85506005	0.01	0.01	0.02	0.01	0.01	0.01	0.01	0.01	0.01	0.01	0.01	0.01	0.01	0.01	0.00	0.01	0.01	0.01	0.00	0.00	0.01	0.01	0.01	0.00	NA	NA	NA	0.01	0.01	0.01	0.00	0.01	0.01	0.01	0.00	0.01	0.01	0.01	0.00	0.01	0.01	0.02	0.01	0.02	0.01	0.01	0.01	0.00	0.00	0.02	0.01	0.01	0.01	0.01	0.01	0.01	0.00	0.01	0.00	0.01	0.00	0.01	0.00	0.01	0.01	0.01	0.01
XM_024446499.1|SNX14|chr6|-	129703.9	85505854	chr6:85505798-85506005	1.00	1.00	1.00	1.00	1.00	1.00	1.00	1.00	1.00	1.00	1.00	1.00	1.00	1.00	1.00	1.00	1.00	1.00	1.00	1.00	1.00	1.00	1.00	1.00	NA	NA	NA	1.00	1.00	1.00	1.00	1.00	1.00	1.00	1.00	1.00	1.00	1.00	1.00	1.00	1.00	1.00	1.00	1.00	1.00	1.00	1.00	1.00	1.00	1.00	1.00	1.00	1.00	1.00	1.00	1.00	1.00	1.00	1.00	1.00	1.00	1.00	1.00	1.00	1.00	1.00	1.00
NM_001350507.2|RARS2|chr6|-	1072.0	87514348	chr6:87513938-87514499	0.02	0.04	0.05	0.05	0.08	0.04	0.06	0.04	0.03	0.06	0.07	0.06	0.03	0.04	0.03	0.05	0.01	0.04	0.03	0.03	0.04	0.03	0.03	0.05	NA	0.01	0.02	0.02	0.04	0.03	0.02	0.01	0.04	0.06	0.05	0.03	0.05	0.06	0.06	0.04	0.04	0.03	0.05	0.05	0.02	0.10	0.07	0.02	0.00	0.05	0.04	0.03	0.05	0.02	0.05	0.04	0.05	0.05	0.03	0.06	0.00	0.05	0.03	0.04	0.04	0.01	0.03
NM_001287215.2|AMD1|chr6|+	328.9	110893627	chr6:110893476-110895713	0.24	0.26	0.25	0.32	0.12	0.18	0.12	0.07	0.06	0.09	NA	0.20	0.16	0.19	0.25	0.11	0.09	0.09	0.13	0.11	0.13	0.12	0.23	0.10	0.27	0.01	0.03	0.12	0.13	0.10	0.10	0.11	0.09	0.12	0.26	NA	0.18	0.09	0.28	0.10	0.17	0.20	0.14	NA	0.07	0.22	0.18	0.35	0.23	0.11	0.13	0.10	0.12	0.11	0.11	0.08	0.16	0.07	0.06	0.08	0.07	0.09	0.09	0.09	0.09	0.13	0.12
NM_001350299.2|EPB41L2|chr6|-	2832.6	130840447	chr6:130839347-130840598	0.02	0.03	0.06	0.04	0.03	0.02	0.01	0.01	0.01	0.02	0.03	0.02	0.01	0.05	0.02	0.03	0.03	0.02	0.03	0.03	0.05	0.03	0.02	0.03	0.01	0.01	0.01	0.07	0.04	0.07	0.03	0.04	0.03	0.02	0.06	0.05	0.02	0.02	0.02	0.01	0.02	0.01	0.02	0.01	0.01	0.01	0.01	0.07	0.01	0.01	0.02	0.04	0.04	0.02	0.03	0.02	0.02	0.02	0.01	0.01	0.01	0.03	0.02	0.02	0.04	0.03	0.04
NM_145169.3|SFT2D1|chr6|-	41986.0	166320030	chr6:166319728-166320256	0.22	0.16	0.19	0.19	0.13	0.18	0.16	0.18	0.15	0.12	0.10	0.16	0.08	0.21	0.24	0.17	0.21	0.13	0.20	0.18	0.19	0.15	0.20	0.22	NA	NA	NA	0.16	0.18	0.11	0.14	0.14	0.14	0.20	0.11	0.18	0.19	0.14	0.19	0.17	0.18	0.18	0.19	0.20	0.16	0.16	0.17	0.23	0.17	0.17	0.23	0.17	0.17	0.13	0.12	0.17	0.18	0.14	0.12	0.42	0.21	0.14	0.10	0.12	0.16	0.16	0.19
XM_011514591.3|PSMG4|chr6|+	4897.7	3267788	chr6:3267591-3268052	0.19	0.13	NA	0.16	NA	0.23	0.16	NA	NA	0.15	NA	NA	NA	0.21	NA	0.16	0.10	NA	0.16	NA	NA	0.14	NA	0.18	NA	0.06	NA	0.10	0.16	0.09	0.20	0.12	0.11	0.18	NA	0.09	0.23	NA	0.17	NA	NA	NA	NA	NA	NA	NA	NA	0.18	NA	0.20	NA	NA	0.13	NA	0.15	NA	NA	NA	NA	NA	NA	0.21	0.18	0.14	0.18	0.14	0.18
NM_001128591.2|PSMG4|chr6|+	4889.8	3267788	chr6:3267591-3268049	0.18	0.12	NA	0.15	NA	0.21	0.14	NA	NA	0.14	NA	NA	NA	0.20	NA	0.14	0.10	NA	0.15	NA	NA	0.13	NA	0.17	NA	0.05	NA	0.09	0.15	0.08	0.18	0.10	0.10	0.17	NA	0.09	0.21	NA	0.16	NA	NA	NA	NA	NA	NA	NA	NA	0.16	NA	0.19	NA	NA	0.12	NA	0.14	NA	NA	NA	NA	NA	NA	0.19	0.17	0.13	0.17	0.13	0.16
NM_001166010.2|ECI2|chr6|-	164141.0	4115878	chr6:4115706-4116029	1.00	1.00	1.00	1.00	1.00	1.00	1.00	1.00	1.00	1.00	1.00	1.00	1.00	1.00	1.00	1.00	1.00	1.00	1.00	1.00	1.00	1.00	1.00	1.00	NA	NA	NA	1.00	1.00	1.00	1.00	1.00	1.00	1.00	1.00	1.00	1.00	1.00	1.00	1.00	1.00	1.00	1.00	1.00	1.00	1.00	1.00	1.00	1.00	1.00	1.00	1.00	1.00	1.00	1.00	1.00	1.00	1.00	1.00	1.00	1.00	1.00	1.00	1.00	1.00	1.00	1.00
NM_016167.5|NOL7|chr6|+	139686.6	13620905	chr6:13620754-13621498	0.03	0.03	0.03	0.03	0.02	0.03	0.03	0.03	0.03	0.02	0.03	0.02	0.03	0.02	0.03	0.03	0.03	0.03	0.04	0.02	0.02	0.02	0.02	0.03	0.03	0.02	0.06	0.03	0.02	0.02	0.02	0.02	0.02	0.03	0.02	0.03	0.02	0.02	0.02	0.03	0.03	0.03	0.02	0.03	0.02	0.03	0.04	0.03	0.03	0.02	0.03	0.03	0.02	0.03	0.03	0.03	0.03	0.03	0.03	0.02	0.04	0.02	0.02	0.02	0.02	0.03	0.02
NM_001031713.4|MCUR1|chr6|-	353.6	13790713	chr6:13786557-13790864	0.00	0.00	0.00	0.00	0.00	0.00	0.00	0.00	0.00	0.00	0.00	0.00	0.02	0.03	0.03	0.00	0.00	0.00	0.00	0.00	0.00	0.00	0.00	0.00	0.03	NA	0.02	0.00	0.00	0.00	0.00	0.00	0.00	0.00	0.00	0.00	0.00	0.00	0.00	0.00	0.00	0.00	0.00	0.00	0.00	0.00	0.03	0.03	0.03	0.00	0.00	0.00	0.00	0.00	0.00	0.00	0.00	0.00	0.01	0.06	0.04	0.00	0.00	0.01	0.00	0.00	0.00
XR_001743579.2|MCUR1|chr6|-	368.7	13790713	chr6:13786733-13790864	0.00	0.00	0.00	0.00	0.00	0.00	0.00	0.00	0.00	0.00	0.00	0.00	0.02	0.03	0.03	0.00	0.00	0.00	0.00	0.00	0.00	0.00	0.00	0.00	0.03	NA	0.02	0.00	0.00	0.00	0.00	0.00	0.00	0.00	0.00	0.00	0.00	0.00	0.00	0.00	0.00	0.00	0.00	0.00	0.00	0.00	0.03	0.03	0.03	0.00	0.01	0.00	0.00	0.00	0.00	0.00	0.00	0.00	0.01	0.06	0.04	0.00	0.00	0.01	0.00	0.00	0.00
NM_003542.4|H4C3|chr6|+	485306.2	26104084	chr6:26103933-26104337	NA	1.00	NA	NA	NA	NA	1.00	NA	NA	1.00	NA	NA	1.00	1.00	1.00	1.00	1.00	1.00	1.00	NA	NA	NA	NA	1.00	1.00	1.00	NA	1.00	1.00	1.00	1.00	1.00	1.00	1.00	NA	NA	NA	NA	NA	1.00	NA	NA	NA	NA	NA	NA	1.00	1.00	1.00	1.00	1.00	NA	1.00	NA	NA	NA	1.00	NA	1.00	1.00	1.00	1.00	1.00	1.00	1.00	1.00	1.00
NM_021968.4|H4C11|chr6|+	2020.3	27824243	chr6:27824092-27824480	NA	NA	NA	NA	NA	NA	NA	NA	NA	1.00	NA	NA	1.00	1.00	1.00	1.00	NA	1.00	NA	NA	NA	NA	NA	NA	NA	NA	NA	1.00	1.00	NA	1.00	1.00	1.00	1.00	NA	1.00	NA	NA	1.00	NA	NA	NA	NA	NA	NA	1.00	NA	1.00	1.00	1.00	1.00	1.00	NA	NA	NA	NA	NA	NA	NA	NA	1.00	1.00	1.00	1.00	1.00	1.00	1.00
NR_103455.1|ZSCAN16-AS1|chr6|-	200.9	28123007	chr6:28121795-28123211	0.00	0.01	0.01	0.01	0.00	NA	0.02	0.01	NA	0.02	NA	0.02	0.00	0.00	0.00	0.01	0.02	0.02	0.02	0.02	0.01	0.01	0.01	0.01	0.00	NA	NA	0.01	0.01	NA	0.01	0.02	NA	0.02	NA	0.00	NA	NA	0.00	0.02	0.01	0.02	0.01	0.00	NA	0.01	0.01	0.00	0.01	0.03	0.01	NA	0.02	0.03	0.00	0.02	0.02	0.02	0.00	0.03	0.04	NA	0.01	0.02	0.01	NA	0.01
NM_002116.8|HLA-A|chr6|+	1699245.9	29945602	chr6:29945451-29945870	1.00	1.00	1.00	1.00	1.00	1.00	1.00	1.00	1.00	1.00	1.00	1.00	1.00	1.00	1.00	1.00	1.00	1.00	1.00	1.00	1.00	1.00	1.00	1.00	NA	1.00	NA	1.00	1.00	1.00	1.00	1.00	1.00	1.00	1.00	1.00	1.00	1.00	1.00	1.00	1.00	1.00	1.00	1.00	1.00	1.00	1.00	1.00	1.00	1.00	1.00	1.00	1.00	1.00	1.00	1.00	1.00	1.00	1.00	1.00	1.00	1.00	1.00	1.00	1.00	1.00	1.00
NM_001278785.2|POLR1H|chr6|+	100397.5	30064850	chr6:30064673-30064907	1.00	1.00	1.00	1.00	NA	NA	NA	1.00	NA	1.00	NA	1.00	1.00	1.00	1.00	1.00	1.00	1.00	1.00	1.00	1.00	1.00	1.00	1.00	NA	NA	NA	1.00	1.00	1.00	1.00	1.00	1.00	1.00	1.00	1.00	NA	NA	1.00	NA	NA	NA	NA	1.00	NA	1.00	1.00	1.00	1.00	1.00	1.00	1.00	1.00	1.00	1.00	1.00	1.00	1.00	NA	NA	NA	1.00	1.00	1.00	1.00	1.00	1.00
NR_037853.1|ATP6V1G2-DDX39B|chr6|-	109107.2	31530299	chr6:31530232-31530450	1.00	1.00	1.00	1.00	1.00	1.00	1.00	1.00	1.00	1.00	1.00	1.00	NA	NA	1.00	1.00	1.00	1.00	1.00	1.00	1.00	1.00	1.00	1.00	NA	NA	NA	1.00	1.00	1.00	1.00	1.00	1.00	1.00	1.00	1.00	1.00	1.00	1.00	1.00	1.00	1.00	1.00	1.00	1.00	1.00	1.00	NA	NA	1.00	1.00	1.00	1.00	1.00	1.00	1.00	1.00	1.00	1.00	NA	NA	1.00	1.00	1.00	1.00	1.00	1.00
NM_004640.7|DDX39B|chr6|-	109107.2	31530299	chr6:31530232-31530450	1.00	1.00	1.00	1.00	1.00	1.00	1.00	1.00	1.00	1.00	1.00	1.00	NA	NA	1.00	1.00	1.00	1.00	1.00	1.00	1.00	1.00	1.00	1.00	NA	NA	NA	1.00	1.00	1.00	1.00	1.00	1.00	1.00	1.00	1.00	1.00	1.00	1.00	1.00	1.00	1.00	1.00	1.00	1.00	1.00	1.00	NA	NA	1.00	1.00	1.00	1.00	1.00	1.00	1.00	1.00	1.00	1.00	NA	NA	1.00	1.00	1.00	1.00	1.00	1.00
NM_001282385.2|CSNK2B|chr6|+	139209.1	31670011	chr6:31669836-31670067	1.00	1.00	1.00	1.00	1.00	1.00	1.00	1.00	1.00	1.00	1.00	1.00	1.00	1.00	1.00	1.00	1.00	1.00	1.00	1.00	1.00	1.00	1.00	1.00	NA	1.00	NA	1.00	1.00	1.00	1.00	1.00	1.00	1.00	1.00	1.00	1.00	1.00	1.00	1.00	1.00	1.00	1.00	1.00	1.00	1.00	1.00	1.00	1.00	1.00	1.00	1.00	1.00	1.00	1.00	1.00	1.00	1.00	1.00	1.00	1.00	1.00	1.00	1.00	1.00	1.00	1.00
NR_160950.1|SNHG32|chr6|+	1220984.1	31839708	chr6:31839543-31839761	1.00	1.00	1.00	1.00	1.00	1.00	1.00	1.00	1.00	1.00	1.00	1.00	1.00	1.00	1.00	1.00	1.00	1.00	1.00	1.00	1.00	1.00	1.00	1.00	1.00	1.00	NA	1.00	1.00	1.00	1.00	1.00	1.00	1.00	1.00	1.00	1.00	1.00	1.00	1.00	1.00	1.00	1.00	1.00	1.00	1.00	1.00	1.00	1.00	1.00	1.00	1.00	1.00	1.00	1.00	1.00	1.00	1.00	1.00	1.00	1.00	1.00	1.00	1.00	1.00	1.00	1.00
NM_001710.6|CFB|chr6|+	294172.4	31952033	chr6:31951875-31952084	1.00	1.00	1.00	1.00	1.00	1.00	1.00	1.00	1.00	1.00	1.00	1.00	1.00	1.00	1.00	1.00	1.00	1.00	1.00	1.00	1.00	1.00	1.00	1.00	1.00	1.00	1.00	1.00	1.00	1.00	1.00	1.00	1.00	1.00	1.00	1.00	1.00	1.00	1.00	1.00	1.00	1.00	1.00	1.00	1.00	1.00	1.00	1.00	1.00	1.00	1.00	1.00	1.00	1.00	1.00	1.00	1.00	1.00	1.00	1.00	1.00	1.00	1.00	1.00	1.00	1.00	1.00
NM_002904.6|NELFE|chr6|-	7454.4	31952227	chr6:31952087-31952398	0.13	0.09	0.16	0.22	0.16	0.11	0.19	0.07	0.14	0.13	0.15	0.17	0.14	0.13	0.14	0.15	0.13	0.07	0.09	0.14	0.12	0.06	0.12	0.08	NA	NA	0.12	0.09	0.12	0.15	0.10	0.11	0.13	0.18	0.10	0.06	0.06	0.14	0.10	0.14	0.09	0.04	0.12	0.09	0.09	0.06	0.10	0.13	0.16	0.13	0.09	0.10	0.09	0.09	0.15	0.11	0.07	0.08	0.18	0.17	0.06	0.17	0.17	0.10	0.14	0.09	0.13
XR_926301.3|SKIV2L|chr6|+	9211.0	31969740	chr6:31969515-31969811	1.00	1.00	1.00	1.00	1.00	1.00	1.00	1.00	1.00	1.00	1.00	1.00	1.00	1.00	1.00	1.00	1.00	1.00	1.00	1.00	1.00	1.00	1.00	1.00	0.89	1.00	1.00	1.00	1.00	1.00	1.00	1.00	1.00	1.00	1.00	1.00	1.00	1.00	1.00	1.00	1.00	1.00	1.00	1.00	1.00	1.00	1.00	1.00	1.00	1.00	1.00	1.00	1.00	1.00	1.00	1.00	1.00	1.00	1.00	1.00	1.00	1.00	1.00	1.00	1.00	1.00	1.00
NM_006929.5|SKIV2L|chr6|+	27976.2	31969694	chr6:31969515-31969751	1.00	1.00	1.00	1.00	1.00	1.00	1.00	1.00	1.00	1.00	1.00	1.00	1.00	1.00	1.00	1.00	1.00	1.00	1.00	1.00	1.00	1.00	1.00	1.00	1.00	1.00	1.00	1.00	1.00	1.00	1.00	1.00	1.00	1.00	1.00	1.00	1.00	1.00	1.00	1.00	1.00	1.00	1.00	1.00	1.00	1.00	1.00	1.00	1.00	1.00	1.00	1.00	1.00	1.00	1.00	1.00	1.00	1.00	1.00	1.00	1.00	1.00	1.00	1.00	1.00	1.00	1.00
NM_001252204.2|C4A|chr6|+	124320.8	32002550	chr6:32002399-32002681	1.00	1.00	1.00	1.00	1.00	1.00	1.00	1.00	1.00	1.00	1.00	1.00	1.00	1.00	1.00	1.00	1.00	1.00	1.00	1.00	1.00	1.00	1.00	1.00	1.00	1.00	1.00	1.00	1.00	1.00	1.00	1.00	1.00	1.00	1.00	1.00	1.00	1.00	1.00	1.00	1.00	1.00	1.00	1.00	1.00	1.00	1.00	1.00	1.00	1.00	1.00	1.00	1.00	1.00	1.00	1.00	1.00	1.00	1.00	1.00	1.00	1.00	1.00	1.00	1.00	1.00	1.00
NM_001002029.4|C4B|chr6|+	129674.1	32035287	chr6:32035136-32035418	1.00	1.00	1.00	1.00	1.00	1.00	1.00	1.00	1.00	1.00	1.00	1.00	1.00	1.00	1.00	1.00	1.00	1.00	1.00	1.00	1.00	1.00	1.00	1.00	1.00	1.00	1.00	1.00	1.00	1.00	1.00	1.00	1.00	1.00	1.00	1.00	1.00	1.00	1.00	1.00	1.00	1.00	1.00	1.00	1.00	1.00	1.00	1.00	1.00	1.00	1.00	1.00	1.00	1.00	1.00	1.00	1.00	1.00	1.00	1.00	1.00	1.00	1.00	1.00	1.00	1.00	1.00
NM_002800.5|PSMB9|chr6|+	317.1	32859581	chr6:32859405-32859851	0.01	0.00	0.01	0.00	0.03	NA	0.00	0.00	NA	0.02	NA	0.00	0.04	0.01	0.04	0.00	0.01	0.01	0.01	0.00	0.01	0.02	NA	0.01	0.00	NA	NA	0.00	0.02	0.01	0.01	0.00	0.01	0.02	NA	0.02	NA	NA	0.00	0.01	0.00	0.01	NA	NA	NA	0.03	0.03	0.01	0.00	NA	NA	NA	0.00	NA	0.00	0.00	NA	NA	0.00	NA	NA	NA	0.03	NA	NA	0.01	0.01
NM_005452.6|WDR46|chr6|-	9050.4	33279223	chr6:33279108-33279374	NA	NA	NA	1.00	NA	NA	1.00	NA	NA	NA	NA	1.00	1.00	1.00	1.00	NA	NA	NA	1.00	NA	NA	NA	NA	NA	1.00	NA	NA	1.00	1.00	NA	1.00	NA	NA	1.00	NA	NA	NA	NA	1.00	NA	NA	NA	NA	NA	NA	1.00	1.00	1.00	NA	1.00	1.00	NA	1.00	NA	NA	NA	NA	NA	NA	NA	NA	NA	NA	NA	1.00	NA	1.00
XR_001743743.2|WDR46|chr6|-	3422.9	33279223	chr6:33279149-33279374	NA	NA	NA	1.00	NA	NA	1.00	NA	NA	NA	NA	1.00	1.00	1.00	1.00	NA	NA	NA	1.00	NA	NA	NA	NA	NA	0.80	NA	NA	1.00	1.00	NA	1.00	NA	NA	1.00	NA	NA	NA	NA	1.00	NA	NA	NA	NA	NA	NA	1.00	1.00	1.00	NA	1.00	1.00	NA	1.00	NA	NA	NA	NA	NA	NA	NA	NA	NA	NA	NA	1.00	NA	1.00
XM_005248860.3|DAXX|chr6|-	88530.6	33318651	chr6:33318558-33318802	1.00	1.00	1.00	1.00	NA	NA	1.00	NA	1.00	1.00	NA	1.00	1.00	1.00	1.00	1.00	1.00	1.00	1.00	1.00	1.00	1.00	1.00	1.00	1.00	NA	1.00	1.00	1.00	1.00	1.00	1.00	1.00	1.00	1.00	1.00	1.00	NA	1.00	NA	1.00	1.00	NA	1.00	1.00	1.00	1.00	1.00	1.00	1.00	1.00	1.00	1.00	1.00	1.00	1.00	1.00	1.00	1.00	1.00	1.00	NA	1.00	1.00	1.00	1.00	1.00
NM_015921.3|CUTA|chr6|-	52371.8	33416549	chr6:33416443-33416776	0.09	0.08	0.10	0.10	0.12	0.09	0.10	0.10	0.11	0.08	0.08	0.10	0.08	0.10	0.10	0.08	0.09	0.11	0.09	0.10	0.09	0.09	0.09	0.09	0.02	0.05	0.10	0.12	0.10	0.10	0.12	0.11	0.09	0.10	0.09	0.11	0.11	0.09	0.10	0.10	0.09	0.09	0.12	0.10	0.11	0.09	0.09	0.08	0.11	0.10	0.09	0.08	0.10	0.08	0.09	0.08	0.10	0.08	0.09	0.07	0.11	0.10	0.12	0.11	0.10	0.14	0.09
NM_032340.4|UQCC2|chr6|-	2055.2	33697568	chr6:33696764-33697750	0.00	0.00	0.00	0.00	0.00	0.00	0.00	0.00	0.00	0.00	0.00	0.00	0.00	0.01	0.00	0.00	0.00	0.00	0.00	0.00	0.00	0.00	0.00	0.00	NA	NA	0.00	0.00	0.00	0.00	0.00	0.00	0.00	0.00	0.00	0.00	0.00	0.00	0.00	0.00	0.00	0.00	0.00	0.00	0.00	0.00	0.01	0.00	0.00	0.00	0.00	0.00	0.00	0.00	0.00	0.00	0.00	0.00	NA	0.00	NA	0.00	0.00	0.00	0.00	0.00	0.00
NM_003093.3|SNRPC|chr6|+	471485.2	34773597	chr6:34773446-34773857	1.00	1.00	NA	1.00	NA	NA	1.00	NA	NA	1.00	NA	1.00	1.00	1.00	NA	1.00	NA	NA	NA	NA	NA	1.00	NA	1.00	NA	NA	NA	1.00	1.00	NA	1.00	1.00	NA	1.00	1.00	1.00	NA	NA	1.00	NA	NA	NA	NA	NA	NA	NA	1.00	NA	NA	1.00	1.00	NA	1.00	NA	NA	NA	1.00	NA	NA	NA	NA	NA	NA	1.00	NA	NA	1.00
NM_007104.5|RPL10A|chr6|+	48264296.4	35470731	chr6:35470580-35470780	1.00	1.00	1.00	1.00	1.00	1.00	1.00	1.00	1.00	1.00	1.00	1.00	1.00	1.00	1.00	1.00	1.00	1.00	1.00	1.00	1.00	1.00	1.00	1.00	1.00	1.00	1.00	1.00	1.00	1.00	1.00	1.00	1.00	1.00	1.00	1.00	1.00	1.00	1.00	1.00	1.00	1.00	1.00	1.00	1.00	1.00	1.00	1.00	1.00	1.00	1.00	1.00	1.00	1.00	1.00	1.00	1.00	1.00	1.00	1.00	1.00	1.00	1.00	1.00	1.00	1.00	1.00
XM_017010900.1|RPL10A|chr6|+	47959396.1	35470731	chr6:35470580-35470781	1.00	1.00	1.00	1.00	1.00	1.00	1.00	1.00	1.00	1.00	1.00	1.00	1.00	1.00	1.00	1.00	1.00	1.00	1.00	1.00	1.00	1.00	1.00	1.00	1.00	1.00	1.00	1.00	1.00	1.00	1.00	1.00	1.00	1.00	1.00	1.00	1.00	1.00	1.00	1.00	1.00	1.00	1.00	1.00	1.00	1.00	1.00	1.00	1.00	1.00	1.00	1.00	1.00	1.00	1.00	1.00	1.00	1.00	1.00	1.00	1.00	1.00	1.00	1.00	1.00	1.00	1.00
NM_002630.4|PGC|chr6|-	1115300.4	41736853	chr6:41736711-41737004	1.00	1.00	1.00	1.00	1.00	1.00	1.00	1.00	1.00	1.00	1.00	1.00	1.00	1.00	1.00	1.00	1.00	1.00	1.00	1.00	1.00	1.00	NA	1.00	1.00	1.00	NA	1.00	1.00	1.00	1.00	1.00	1.00	1.00	1.00	1.00	1.00	1.00	1.00	1.00	1.00	1.00	1.00	1.00	1.00	1.00	1.00	1.00	1.00	1.00	1.00	1.00	1.00	NA	1.00	1.00	1.00	1.00	1.00	1.00	1.00	1.00	1.00	1.00	1.00	1.00	1.00
NM_001382294.1|TOMM6|chr6|+	777366.7	41789719	chr6:41789568-41789895	1.00	1.00	1.00	1.00	1.00	1.00	1.00	1.00	1.00	1.00	NA	1.00	1.00	1.00	1.00	1.00	1.00	1.00	1.00	1.00	1.00	1.00	NA	1.00	NA	NA	NA	1.00	1.00	1.00	1.00	1.00	1.00	1.00	1.00	1.00	1.00	1.00	1.00	1.00	1.00	1.00	NA	1.00	1.00	1.00	1.00	1.00	1.00	1.00	1.00	1.00	1.00	NA	1.00	1.00	1.00	1.00	NA	NA	NA	1.00	1.00	1.00	1.00	1.00	1.00
NM_001134493.2|TOMM6|chr6|+	372765.8	41789682	chr6:41789531-41789895	1.00	1.00	1.00	1.00	NA	NA	1.00	1.00	NA	NA	NA	1.00	1.00	1.00	1.00	1.00	1.00	1.00	1.00	NA	1.00	NA	NA	1.00	NA	NA	NA	NA	1.00	NA	NA	NA	1.00	1.00	NA	1.00	1.00	NA	NA	NA	1.00	NA	NA	1.00	NA	NA	1.00	1.00	1.00	1.00	1.00	1.00	1.00	NA	1.00	1.00	1.00	NA	NA	NA	NA	NA	NA	NA	1.00	NA	NA
XM_005249206.3|MRPS10|chr6|-	501.0	42208046	chr6:42206801-42208372	NA	NA	NA	NA	NA	NA	0.29	NA	NA	0.26	NA	NA	NA	NA	NA	0.35	0.30	NA	0.28	NA	0.32	0.32	NA	0.36	NA	NA	1.00	0.48	0.39	0.38	0.40	0.49	NA	NA	NA	NA	NA	NA	NA	NA	NA	NA	0.26	NA	NA	NA	NA	NA	NA	0.35	NA	0.27	0.40	NA	0.31	0.54	NA	0.48	0.20	NA	0.40	NA	0.34	0.40	0.30	NA	0.34
NM_018141.4|MRPS10|chr6|-	502.7	42208046	chr6:42206807-42208372	NA	NA	NA	NA	NA	NA	0.29	NA	NA	0.26	NA	NA	NA	NA	NA	0.35	0.30	NA	0.28	NA	0.32	0.32	NA	0.36	NA	NA	1.00	0.49	0.39	0.39	0.40	0.49	NA	NA	NA	NA	NA	NA	NA	NA	NA	NA	0.26	NA	NA	NA	NA	NA	NA	0.35	NA	0.27	0.41	NA	0.31	0.55	NA	0.48	0.20	NA	0.40	NA	0.34	0.40	0.30	NA	0.34
NM_015950.5|MRPL2|chr6|-	2978.6	43054233	chr6:43054029-43054486	0.03	0.02	0.02	0.03	0.03	0.04	0.03	0.03	0.04	0.03	0.03	0.03	0.04	0.03	0.03	0.03	0.02	0.03	0.02	0.02	0.05	0.03	0.03	0.03	NA	0.04	NA	0.04	0.04	0.03	0.02	0.02	0.02	0.04	0.03	0.03	0.07	0.04	0.03	0.02	0.04	0.03	0.04	0.05	0.02	0.03	0.04	0.06	0.04	0.04	0.04	0.02	0.04	0.05	0.03	0.03	0.03	0.05	0.35	0.02	0.04	0.04	0.04	0.02	0.03	0.05	0.04
XM_005249161.5|MRPL2|chr6|-	10119.0	43054288	chr6:43054225-43054486	1.00	1.00	1.00	1.00	1.00	1.00	1.00	1.00	1.00	1.00	1.00	1.00	1.00	1.00	1.00	1.00	1.00	1.00	1.00	1.00	1.00	1.00	1.00	1.00	NA	1.00	NA	1.00	1.00	1.00	1.00	1.00	1.00	1.00	1.00	1.00	1.00	1.00	1.00	1.00	1.00	1.00	1.00	1.00	1.00	1.00	1.00	1.00	1.00	1.00	1.00	1.00	1.00	1.00	1.00	1.00	1.00	1.00	1.00	1.00	1.00	1.00	1.00	1.00	1.00	1.00	1.00
NM_006443.3|DNPH1|chr6|-	144347.3	43225730	chr6:43225629-43225881	1.00	1.00	1.00	1.00	1.00	1.00	1.00	1.00	1.00	1.00	1.00	1.00	1.00	1.00	1.00	1.00	1.00	1.00	1.00	1.00	1.00	1.00	1.00	1.00	NA	NA	1.00	1.00	1.00	1.00	1.00	1.00	1.00	1.00	1.00	1.00	1.00	1.00	1.00	1.00	1.00	1.00	1.00	1.00	1.00	1.00	1.00	1.00	1.00	1.00	1.00	1.00	1.00	1.00	1.00	1.00	1.00	1.00	1.00	1.00	1.00	1.00	1.00	1.00	1.00	1.00	1.00
NM_014345.3|ZNF318|chr6|-	47.6	43340351	chr6:43336070-43340502	NA	NA	NA	NA	NA	NA	NA	NA	NA	0.02	NA	NA	0.01	0.01	0.01	0.02	0.02	NA	NA	NA	NA	NA	0.01	NA	0.00	0.00	0.01	0.02	0.03	NA	0.01	NA	0.01	NA	NA	NA	0.01	NA	NA	NA	NA	NA	NA	NA	NA	0.01	0.01	0.01	0.01	0.01	NA	0.03	0.01	0.02	NA	0.02	NA	NA	0.01	0.01	0.01	0.02	0.01	0.01	0.02	NA	0.01
NM_203290.4|POLR1C|chr6|+	5461.6	43521333	chr6:43521182-43521513	1.00	NA	NA	1.00	NA	NA	1.00	1.00	NA	1.00	NA	1.00	1.00	1.00	1.00	1.00	NA	NA	NA	NA	NA	NA	NA	NA	0.76	0.74	NA	1.00	1.00	NA	NA	NA	NA	1.00	NA	1.00	NA	NA	NA	NA	1.00	NA	NA	1.00	NA	1.00	1.00	1.00	1.00	1.00	1.00	NA	1.00	NA	NA	NA	NA	NA	1.00	1.00	1.00	NA	NA	NA	1.00	NA	1.00
NM_020750.3|XPO5|chr6|-	562.3	43523846	chr6:43522334-43524005	0.02	0.02	0.02	0.01	0.01	0.01	0.01	0.02	0.02	0.01	0.01	0.01	0.01	0.01	0.00	0.01	0.02	0.01	0.02	0.01	0.01	0.02	0.02	0.02	NA	NA	0.00	0.01	0.01	0.01	0.01	0.01	0.01	0.02	0.01	0.02	0.02	0.01	0.01	0.01	0.02	0.00	0.01	0.01	0.01	0.01	0.01	0.01	0.00	0.01	0.01	0.01	0.01	0.02	0.02	0.01	0.01	0.02	0.01	0.01	0.01	0.01	0.00	0.01	0.01	0.01	0.01
NM_001271970.2|HSP90AB1|chr6|+	13488122.6	44253640	chr6:44253489-44253883	1.00	1.00	1.00	1.00	1.00	1.00	1.00	1.00	1.00	1.00	1.00	1.00	1.00	1.00	1.00	1.00	1.00	1.00	1.00	1.00	1.00	1.00	1.00	1.00	1.00	1.00	NA	1.00	1.00	1.00	1.00	1.00	1.00	1.00	1.00	1.00	1.00	1.00	1.00	1.00	1.00	1.00	1.00	1.00	1.00	1.00	1.00	1.00	1.00	1.00	1.00	1.00	1.00	1.00	1.00	1.00	1.00	1.00	1.00	1.00	1.00	1.00	1.00	1.00	1.00	1.00	1.00
NM_001402.6|EEF1A1|chr6|-	381141075.9	73517517	chr6:73515750-73517934	0.00	0.00	0.00	0.00	0.00	0.00	0.00	0.00	0.00	0.00	0.00	0.00	0.00	0.00	0.00	0.00	0.00	0.00	0.00	0.00	0.00	0.00	0.00	0.00	0.00	0.00	NA	0.00	0.00	0.00	0.00	0.00	0.00	0.00	0.00	0.00	0.00	0.00	0.00	0.00	0.00	0.00	0.00	0.00	0.00	0.00	0.00	0.00	0.00	0.00	0.00	0.00	0.00	0.00	0.00	0.00	0.00	0.00	0.00	0.00	0.00	0.00	0.00	0.00	0.00	0.00	0.00
NM_001366292.3|COX7A2|chr6|-	588047.4	75237786	chr6:75237675-75237988	0.00	0.00	0.00	0.01	0.00	0.00	0.00	0.00	0.00	0.01	0.01	0.00	0.00	0.00	0.00	0.00	0.00	0.00	0.00	0.00	0.00	0.01	0.00	0.00	0.00	0.00	0.00	0.00	0.00	0.00	0.00	0.01	0.01	0.01	0.00	0.00	0.00	0.00	0.00	0.00	0.00	0.00	0.00	0.00	0.00	0.00	0.00	0.00	0.00	0.01	0.00	0.00	0.01	0.00	0.00	0.00	0.01	0.00	0.00	0.00	0.00	0.00	0.00	0.00	0.00	0.00	0.00
NM_001366293.2|COX7A2|chr6|-	2050233.5	75237835	chr6:75237787-75237988	1.00	1.00	1.00	1.00	1.00	1.00	1.00	1.00	1.00	1.00	1.00	1.00	1.00	1.00	1.00	1.00	1.00	1.00	1.00	1.00	1.00	1.00	1.00	1.00	1.00	1.00	1.00	1.00	1.00	1.00	1.00	1.00	1.00	1.00	1.00	1.00	1.00	1.00	1.00	1.00	1.00	1.00	1.00	1.00	1.00	1.00	1.00	1.00	1.00	1.00	1.00	1.00	1.00	1.00	1.00	1.00	1.00	1.00	1.00	1.00	1.00	1.00	1.00	1.00	1.00	1.00	1.00
NM_001318884.2|HMGN3|chr6|-	4943.1	79201478	chr6:79201245-79201726	1.00	0.88	1.00	1.00	0.77	0.84	0.75	0.90	0.60	0.93	0.57	0.63	0.86	1.00	1.00	0.77	0.74	0.81	0.62	0.65	0.82	0.92	0.69	0.95	NA	0.14	NA	0.73	0.89	0.61	1.00	0.66	0.80	1.00	0.47	0.83	0.91	0.71	0.93	1.00	1.00	0.94	0.50	0.76	0.84	0.91	1.00	0.73	1.00	0.74	0.85	0.92	0.51	0.66	0.76	0.92	1.00	0.85	1.00	0.74	NA	0.83	0.82	0.83	0.84	0.81	0.83
NM_001159676.1|SYNCRIP|chr6|-	405.9	85612570	chr6:85607784-85612920	0.16	0.16	NA	0.16	NA	NA	0.13	NA	NA	0.13	NA	NA	NA	0.07	0.12	0.11	NA	NA	0.12	NA	NA	NA	NA	0.12	0.07	0.09	NA	NA	0.10	NA	NA	NA	NA	0.10	0.08	NA	NA	NA	NA	NA	NA	NA	NA	NA	NA	NA	0.12	0.07	0.11	0.16	NA	NA	NA	NA	NA	NA	0.12	NA	0.18	0.07	0.09	NA	NA	NA	NA	NA	0.14
NM_001159677.2|SYNCRIP|chr6|-	413.8	85612570	chr6:85607784-85612923	0.16	0.16	NA	0.16	NA	NA	0.13	NA	NA	0.14	NA	NA	NA	0.07	0.12	0.11	NA	NA	0.12	NA	NA	NA	NA	0.12	0.07	0.09	NA	NA	0.10	NA	NA	NA	NA	0.10	0.08	NA	NA	NA	NA	NA	NA	NA	NA	NA	NA	NA	0.12	0.07	0.11	NA	NA	NA	NA	NA	NA	NA	0.13	NA	0.18	0.07	0.09	NA	NA	NA	NA	NA	0.14
XM_017010176.1|SYNCRIP|chr6|-	456.7	85612570	chr6:85608332-85612923	0.18	0.18	NA	0.18	NA	NA	0.14	NA	NA	0.15	NA	NA	NA	0.08	0.13	0.13	NA	NA	0.13	NA	NA	NA	NA	0.14	0.07	0.08	NA	NA	0.11	NA	NA	NA	NA	0.12	0.09	NA	NA	NA	NA	NA	NA	NA	NA	NA	NA	NA	0.14	0.08	0.13	NA	NA	NA	NA	NA	NA	NA	0.14	NA	0.20	0.07	0.07	NA	NA	NA	NA	NA	0.16
XM_017010177.1|SYNCRIP|chr6|-	448.1	85612570	chr6:85608332-85612920	0.18	0.18	NA	0.18	NA	NA	0.14	NA	NA	0.15	NA	NA	NA	0.08	0.13	0.12	NA	NA	0.13	NA	NA	NA	NA	0.14	0.07	0.08	NA	NA	0.11	NA	NA	NA	NA	0.12	0.09	NA	NA	NA	NA	NA	NA	NA	NA	NA	NA	NA	0.14	0.08	0.13	0.19	NA	NA	NA	NA	NA	NA	0.14	NA	0.20	0.07	0.07	NA	NA	NA	NA	NA	0.16
XM_017010180.2|SYNCRIP|chr6|-	1444.0	85612769	chr6:85612581-85612920	1.00	1.00	NA	1.00	NA	NA	1.00	NA	NA	1.00	NA	NA	NA	1.00	1.00	1.00	NA	NA	1.00	NA	NA	NA	NA	1.00	0.84	1.00	NA	NA	1.00	NA	NA	NA	NA	1.00	1.00	NA	NA	NA	NA	NA	NA	NA	NA	NA	NA	NA	1.00	1.00	1.00	1.00	NA	NA	NA	NA	NA	NA	1.00	NA	0.93	0.85	1.00	NA	NA	NA	NA	NA	1.00
NM_001322406.2|PNISR|chr6|-	760.6	99400874	chr6:99398050-99401630	NA	0.34	NA	0.24	0.12	NA	0.17	0.21	0.14	0.12	NA	NA	0.14	0.33	NA	0.27	0.21	0.27	0.29	0.30	0.24	0.23	0.18	0.20	0.06	0.04	0.04	0.15	0.24	0.17	0.18	0.16	0.18	NA	0.66	NA	0.18	0.23	0.29	NA	0.24	0.25	0.18	0.21	0.20	0.30	NA	NA	0.09	0.31	0.24	0.29	0.22	0.20	0.31	0.15	0.16	0.24	0.09	0.11	0.12	0.18	0.19	0.18	0.21	0.20	0.16
NM_138408.4|GTF3C6|chr6|+	80897.6	110967661	chr6:110967510-110967872	1.00	1.00	1.00	1.00	1.00	1.00	1.00	1.00	1.00	1.00	1.00	1.00	1.00	1.00	1.00	1.00	1.00	1.00	1.00	1.00	1.00	1.00	1.00	1.00	0.70	1.00	NA	1.00	1.00	1.00	1.00	1.00	1.00	1.00	1.00	1.00	1.00	1.00	1.00	1.00	1.00	1.00	1.00	1.00	1.00	1.00	1.00	1.00	1.00	1.00	1.00	1.00	1.00	1.00	1.00	1.00	1.00	1.00	1.00	1.00	1.00	1.00	1.00	1.00	1.00	1.00	1.00
NM_015952.4|RWDD1|chr6|+	3879.8	116593269	chr6:116592980-116597675	0.00	0.00	0.00	0.00	0.00	0.00	0.00	0.00	0.00	0.00	0.00	0.00	0.00	0.00	0.00	0.00	0.00	0.00	0.00	0.00	0.00	0.00	0.00	0.00	NA	NA	NA	0.00	0.00	0.00	0.00	0.00	0.00	0.00	0.00	0.00	0.00	0.00	0.00	0.00	0.00	0.00	0.00	0.00	0.00	0.00	0.00	0.00	0.00	0.00	0.00	0.00	0.00	0.00	0.00	0.00	0.00	0.00	0.01	0.00	0.01	0.00	0.00	0.00	0.00	0.00	0.00
NM_001286525.2|CENPW|chr6|+	3947.9	126348617	chr6:126348466-126348875	0.03	0.01	0.01	0.04	0.01	0.01	0.06	0.03	0.00	0.02	0.05	0.03	0.07	0.04	0.02	0.02	0.02	0.04	0.04	0.03	0.03	0.03	0.05	0.02	0.00	0.00	0.00	0.02	0.04	0.02	0.03	0.02	0.03	0.03	0.02	0.06	0.03	0.00	0.04	0.03	0.08	0.02	0.03	0.03	0.06	0.07	0.02	0.03	0.04	0.03	0.04	0.02	0.04	0.04	0.02	0.02	0.04	0.02	0.00	0.13	0.00	0.05	0.03	0.02	0.06	0.02	0.03
NM_001195597.2|SMLR1|chr6|+	61411.7	130835290	chr6:130834870-130837135	NA	0.01	0.02	0.02	0.02	0.02	0.01	0.01	0.02	0.01	NA	0.02	0.02	0.02	0.02	0.02	0.02	0.02	0.02	0.02	0.02	0.02	0.02	0.02	0.00	NA	NA	0.02	0.02	0.01	0.01	0.02	0.02	0.01	0.02	0.02	0.02	0.02	0.02	0.02	0.02	0.02	0.02	0.02	0.02	0.02	0.03	0.01	0.01	0.02	0.02	0.03	0.02	0.01	0.02	0.02	0.02	0.02	0.02	NA	NA	NA	0.02	0.01	0.02	0.03	0.02
NM_032020.5|FUCA2|chr6|-	22263.7	143495480	chr6:143494812-143495847	0.00	0.00	NA	0.00	NA	NA	0.00	NA	NA	0.00	NA	0.00	0.00	0.01	0.01	0.01	0.00	0.00	0.00	NA	0.00	0.00	NA	0.00	NA	NA	NA	0.00	0.00	NA	0.00	0.01	NA	0.00	0.01	NA	0.00	NA	NA	NA	NA	0.00	NA	0.00	NA	NA	0.00	0.00	NA	0.00	0.00	0.00	0.00	0.00	0.00	0.00	0.00	0.00	0.00	NA	0.01	NA	0.00	0.00	NA	NA	0.00
NM_139126.4|PPIL4|chr6|-	1859.3	149505532	chr6:149504495-149505704	NA	NA	NA	NA	NA	NA	NA	NA	NA	1.00	NA	NA	NA	NA	NA	1.00	1.00	1.00	1.00	NA	NA	NA	NA	NA	NA	0.32	NA	1.00	1.00	1.00	1.00	1.00	1.00	NA	NA	NA	NA	NA	NA	NA	NA	NA	NA	NA	NA	NA	NA	NA	NA	NA	NA	NA	0.82	NA	1.00	NA	NA	NA	0.90	0.83	NA	0.82	NA	1.00	1.00	1.00	1.00
XR_001744415.1|LOC107986660|chr6|-	150.8	149803642	chr6:149803125-149803793	NA	NA	NA	0.03	0.02	NA	NA	0.03	NA	0.04	NA	NA	NA	NA	NA	0.04	NA	NA	0.05	NA	NA	NA	NA	NA	0.30	NA	0.00	0.01	0.08	NA	0.00	NA	NA	NA	NA	NA	0.04	0.05	NA	NA	NA	NA	NA	NA	0.01	0.05	NA	NA	NA	0.03	NA	NA	0.10	NA	NA	NA	NA	NA	0.03	0.04	0.00	NA	0.06	0.00	NA	NA	0.00
NM_000636.4|SOD2|chr6|-	192567.9	159679115	chr6:159669069-159682638	0.01	0.00	0.00	0.00	0.00	0.00	0.00	0.00	0.00	0.00	0.00	0.00	0.00	0.00	0.00	0.00	0.00	0.00	0.00	0.00	0.00	0.00	0.00	0.00	0.05	0.01	NA	0.00	0.00	0.00	0.00	0.00	0.00	0.00	0.00	0.00	0.00	0.00	0.00	0.00	0.00	0.00	0.00	0.00	0.00	0.00	0.00	0.00	0.00	0.00	0.00	0.00	0.00	0.00	0.00	0.00	0.00	0.00	0.00	0.01	0.01	0.00	0.00	0.00	0.00	0.00	0.00
NM_001024465.3|SOD2|chr6|-	3881138.1	159679121	chr6:159679064-159679298	0.57	0.56	0.56	0.54	0.56	0.56	0.55	0.56	0.55	0.54	0.57	0.55	0.56	0.58	0.60	0.53	0.56	0.53	0.54	0.55	0.54	0.53	0.56	0.55	0.50	0.48	0.66	0.53	0.55	0.55	0.52	0.51	0.54	0.54	0.56	0.55	0.55	0.56	0.55	0.59	0.58	0.56	0.56	0.54	0.55	0.55	0.56	0.60	0.63	0.54	0.54	0.56	0.58	0.53	0.53	0.56	0.54	0.54	0.57	0.59	0.58	0.54	0.54	0.53	0.53	0.53	0.54
NM_003730.6|RNASET2|chr6|-	4730.1	166929516	chr6:166922113-166929791	0.00	0.00	0.00	0.00	NA	NA	NA	NA	NA	0.00	NA	NA	0.00	0.00	0.00	0.00	0.00	0.00	0.00	NA	NA	NA	NA	0.00	NA	0.00	NA	0.00	0.00	0.00	0.00	0.00	0.00	0.00	0.00	0.00	0.00	NA	0.00	NA	NA	NA	NA	NA	NA	NA	NA	0.00	0.00	0.00	0.00	NA	0.00	NA	0.00	0.00	0.00	NA	NA	NA	NA	0.00	0.00	0.00	0.00	0.00	0.00
XM_024446576.1|RNASET2|chr6|-	237024.1	166929640	chr6:166929509-166929791	1.00	1.00	1.00	1.00	NA	NA	NA	NA	NA	1.00	NA	NA	1.00	1.00	1.00	1.00	1.00	1.00	1.00	NA	NA	NA	NA	1.00	NA	1.00	NA	1.00	1.00	1.00	1.00	1.00	1.00	1.00	1.00	1.00	1.00	NA	1.00	NA	NA	NA	NA	NA	NA	NA	NA	1.00	1.00	1.00	1.00	NA	1.00	NA	1.00	1.00	1.00	NA	NA	NA	NA	1.00	1.00	1.00	1.00	1.00	1.00
NM_002793.4|PSMB1|chr6|-	2717777.9	170535254	chr6:170535120-170535405	1.00	1.00	1.00	1.00	1.00	1.00	1.00	1.00	1.00	1.00	1.00	1.00	1.00	1.00	1.00	1.00	1.00	1.00	1.00	1.00	1.00	1.00	1.00	1.00	1.00	1.00	NA	1.00	1.00	1.00	1.00	1.00	1.00	1.00	1.00	1.00	1.00	1.00	1.00	1.00	1.00	1.00	1.00	1.00	1.00	1.00	1.00	1.00	1.00	1.00	1.00	1.00	1.00	1.00	1.00	1.00	1.00	1.00	1.00	1.00	1.00	1.00	1.00	1.00	1.00	1.00	1.00
